positive/1728112980.8314633.png 1 605 220 106 83
positive/1728113465.6278958.png 1 435 236 109 83
positive/1728113468.515437.png 1 434 238 108 83
positive/1728113471.306578.png 1 433 241 110 77
positive/1728113473.1049461.png 1 433 241 112 78
positive/1728113543.6419554.png 1 536 348 137 111
positive/1728113545.9055617.png 1 535 347 145 109
positive/1728114559.817289.png 1 658 191 133 134
positive/1728114562.2756822.png 1 523 104 137 129
positive/1728114665.9729385.png 1 185 47 111 74
positive/1728114690.5833871.png 1 214 105 111 79
positive/1728114692.7294495.png 1 213 107 116 79
positive/1728114750.1878612.png 1 135 136 145 121
positive/1728381433.2964125.png 1 578 214 106 79
positive/1728381444.8512063.png 1 646 153 110 76
positive/1728381447.5607429.png 1 502 202 113 83
positive/1728381450.3865209.png 1 431 238 111 82
positive/1728381463.6505873.png 1 261 110 114 78
positive/1728381467.1483583.png 1 233 121 118 80
positive/1728381471.3702803.png 1 194 25 108 78
positive/1728381517.8163922.png 1 194 287 141 115
positive/1728381524.5865324.png 1 432 263 140 114
positive/1728381543.4804516.png 1 581 141 142 117
positive/1728381546.743512.png 1 370 82 132 105
positive/1728381549.842404.png 1 395 67 132 120
positive/1728381555.3360794.png 1 75 100 142 126
positive/1728381558.6453803.png 1 74 123 139 122
positive/1728381578.2173629.png 1 281 294 96 59
positive/1728381582.8996034.png 1 301 335 98 52
positive/1728381587.3906348.png 1 132 202 98 54
positive/1728397499.8163888.png 1 513 127 117 133
positive/1728397545.1954129.png 1 245 53 118 125
positive/1728397564.6281595.png 1 410 60 120 131
positive/1728397571.4470856.png 1 417 62 116 132
