positive/1727369494.4686666.png 1 395 116 98 38
positive/1727369501.1103752.png 3 237 148 16 32 235 118 18 28 33 66 20 34
positive/1727369504.4263947.png 6 283 34 18 30 49 2 44 60 79 108 46 66 207 124 44 64 647 92 72 42 527 150 16 30
positive/1727369536.9721274.png 7 107 316 44 70 169 356 18 36 287 320 18 36 307 244 18 34 327 278 16 30 343 246 14 32 317 306 14 28
positive/1727369570.7222092.png 2 333 270 16 32 43 62 16 30
positive/1727369574.3849988.png 3 367 226 16 26 109 100 18 26 31 66 18 32
positive/1727369579.4972208.png 0
positive/1727369580.888008.png 4 113 228 72 54 227 104 22 32 305 122 18 30 401 206 20 28
positive/1727369585.367584.png 3 283 174 70 58 277 118 20 32 331 128 20 32
positive/1727369606.94381.png 1 403 204 18 30
positive/1727369612.4873059.png 1 367 196 20 28
positive/1727369614.5063112.png 1 363 204 16 30
positive/1727369615.7725105.png 1 369 202 20 28
positive/1727369623.9122465.png 1 401 204 20 26
positive/1727369632.3802361.png 1 67 78 30 26
positive/1727369639.9693127.png 1 63 192 70 68
positive/1727369663.4162579.png 4 331 18 28 22 109 142 20 32 139 128 20 32 111 252 78 54
positive/1727369677.9629154.png 3 67 172 46 66 73 250 32 88 475 18 30 24
positive/1727369692.2258642.png 1 49 132 64 66
positive/1727369980.443155.png 4 503 148 76 68 359 314 20 40 69 318 24 32 113 342 22 32
positive/1727370020.029164.png 5 177 44 80 46 575 42 24 24 203 158 22 34 171 188 20 34 215 222 20 30
positive/1727370032.5583043.png 2 571 42 28 24 355 156 84 44
positive/1727370036.3295317.png 2 307 156 78 50 519 20 36 24
positive/1727370042.0292084.png 2 335 186 52 48 521 18 34 24
positive/1727370079.8341267.png 1 521 66 34 24
positive/1727370098.7904534.png 2 387 178 68 68 715 42 28 26
positive/1727370106.3990088.png 3 27 16 18 34 67 20 18 30 665 90 32 24
positive/1727370167.2091339.png 2 69 216 86 56 43 354 30 22
positive/1727370172.3472118.png 3 159 140 72 60 49 288 76 48 679 194 48 66
positive/1727370189.4002175.png 1 319 176 70 56
positive/1727370193.7682111.png 1 483 156 72 64
positive/1727370221.2420301.png 2 541 332 38 72 89 114 32 26
positive/1727370237.785816.png 2 303 360 38 68 211 202 78 52
positive/1727370280.2607658.png 1 213 82 66 54
positive/1727370284.0118089.png 1 499 146 54 46
positive/1727370289.7356224.png 2 401 212 64 52 611 64 24 34
positive/1727370293.1327314.png 1 527 50 24 36
positive/1727370298.017196.png 2 347 192 44 52 437 86 22 38
positive/1727370325.77556.png 3 175 98 40 72 227 372 20 34 267 374 16 30
positive/1727370333.3167882.png 1 309 162 38 74
positive/1727370340.9087884.png 1 409 146 30 70
positive/1727370344.088303.png 0
positive/1727370439.6242156.png 2 305 112 40 62 453 44 34 76
positive/1727370449.2560778.png 2 407 144 26 70 441 74 102 48
positive/1727370527.1012137.png 1 475 114 56 42
positive/1727370549.1472347.png 1 203 42 40 70
positive/1727370601.452902.png 4 283 50 36 72 125 40 58 48 555 40 46 70 639 78 32 24
positive/1727370653.8339238.png 1 107 66 70 64
positive/1727370675.3569343.png 1 237 18 28 22
positive/1727374039.6848419.png 2 327 220 58 54 79 84 54 68
positive/1727374220.0089943.png 4 537 94 42 72 497 238 40 70 539 302 20 30 539 330 16 28
positive/1727374378.9143367.png 1 331 166 54 44
positive/1727374391.2631812.png 1 181 96 74 42
positive/1727374508.6116643.png 1 605 122 34 64
positive/1727374600.059005.png 1 689 318 34 24
