positive/1728112397.6045854.png 1 324 201 49 79
positive/1728112399.0930583.png 1 322 192 51 86
positive/1728112400.5393531.png 1 320 195 57 83
positive/1728112403.8768775.png 1 320 195 56 83
positive/1728112410.9030612.png 2 304 164 41 65 245 171 45 64
positive/1728112426.364118.png 1 397 187 57 70
positive/1728112427.5621476.png 1 403 181 40 75
positive/1728112429.222275.png 1 401 180 42 76
positive/1728112432.2889845.png 1 395 197 45 58
positive/1728112434.9705105.png 1 397 196 47 58
positive/1728112438.5897477.png 1 394 185 53 69
positive/1728112445.2840745.png 2 362 208 64 61 415 171 48 75
positive/1728112447.1236634.png 2 362 208 65 64 420 173 41 74
positive/1728112450.6403143.png 3 377 200 51 68 414 175 41 73 187 92 47 79
positive/1728112452.1719816.png 2 374 204 57 59 427 169 34 76
positive/1728112457.0279312.png 1 281 176 47 71
positive/1728112475.6706738.png 2 346 165 43 51 395 151 38 74
positive/1728112476.9139092.png 2 351 164 32 53 397 164 35 59
positive/1728112480.3254638.png 2 352 159 33 55 396 159 44 63
positive/1728112481.3377874.png 2 393 161 47 61 348 157 39 56
positive/1728112482.3389087.png 2 398 150 34 72 344 173 42 42
positive/1728112484.7048676.png 3 345 169 42 47 399 152 33 72 399 152 33 72
positive/1728112502.4478612.png 3 349 163 39 61 418 169 43 74 19 216 53 74
positive/1728112503.8303223.png 3 23 215 47 76 340 169 51 48 426 169 33 75
positive/1728112505.023725.png 3 343 165 44 55 419 173 43 69 30 217 49 77
positive/1728112518.3438308.png 1 419 161 44 89
positive/1728112521.3098397.png 1 412 176 59 73
positive/1728112522.13544.png 1 413 162 57 88
positive/1728112523.767943.png 1 411 176 60 76
positive/1728112524.7510285.png 1 417 166 59 84
positive/1728112530.9165194.png 1 439 187 46 77
positive/1728112531.7487495.png 1 436 165 51 100
positive/1728112534.1709485.png 1 430 180 72 84
positive/1728112535.18378.png 1 427 173 61 89
positive/1728112539.03865.png 2 413 196 56 81 12 256 47 80
positive/1728112540.4620001.png 2 425 199 47 73 14 259 43 77
positive/1728112541.955388.png 1 426 205 49 68
positive/1728112543.6875904.png 1 420 198 52 75
positive/1728112546.7928002.png 2 533 179 69 85 82 222 46 79
positive/1728112547.891773.png 4 562 209 48 70 72 120 47 75 176 255 42 71 154 205 47 66
positive/1728112549.038888.png 2 466 197 52 75 341 197 51 53
positive/1728112556.6364663.png 1 479 145 35 72
positive/1728112557.3219457.png 1 447 152 47 79
positive/1728112558.2578616.png 1 428 164 62 74
positive/1728112559.207446.png 1 434 159 58 75
positive/1728112560.3058226.png 1 435 162 54 75
positive/1728112562.9151466.png 1 545 153 47 81
positive/1728112563.5239527.png 1 512 159 51 78
positive/1728112564.1434329.png 1 463 159 53 78
positive/1728112591.5048084.png 1 401 180 43 73
positive/1728112592.100033.png 1 404 193 48 62
positive/1728112596.0150754.png 1 341 203 59 65
positive/1728112600.7877555.png 2 317 200 48 73 360 191 27 65
positive/1728112606.4927926.png 1 419 183 47 64
positive/1728112631.466767.png 1 507 335 56 78
positive/1728112632.2531247.png 1 491 321 52 74
positive/1728112632.9164639.png 1 481 301 56 75
positive/1728112633.750641.png 1 465 277 53 75
positive/1728112634.438788.png 1 456 260 51 78
positive/1728112636.1177528.png 1 414 219 55 75
positive/1728112651.209366.png 1 418 195 49 78
positive/1728112651.9742362.png 1 412 205 69 66
positive/1728112658.9877372.png 1 304 143 71 82
positive/1728112660.0015059.png 1 305 148 75 77
positive/1728112661.6096566.png 1 323 155 50 75
positive/1728112662.9729357.png 1 321 154 52 72
positive/1728112665.750894.png 1 297 138 57 74
positive/1728112669.2497053.png 1 234 94 69 72
positive/1728112670.1376092.png 1 252 90 52 81
positive/1728112671.167483.png 1 276 110 75 82
positive/1728112671.6305995.png 1 294 112 70 84
positive/1728112672.108473.png 1 318 126 57 77
positive/1728112675.2417357.png 1 334 136 62 66
positive/1728112676.2063794.png 1 346 139 41 71
positive/1728112677.8689911.png 1 335 118 54 82
positive/1728112693.0399706.png 1 323 174 39 73
positive/1728112695.1514997.png 1 332 166 37 83
positive/1728112697.8594313.png 1 323 162 46 87
positive/1728112701.0967586.png 1 329 183 41 68
positive/1728112701.8316667.png 1 326 186 49 66
positive/1728112710.5826688.png 1 336 173 48 61
positive/1728112714.7957375.png 1 337 170 50 46
positive/1728112716.747178.png 1 339 153 47 61
positive/1728112720.1928449.png 1 349 169 39 48
positive/1728112721.4721332.png 1 340 173 49 44
positive/1728112729.0663924.png 1 365 105 58 81
positive/1728112730.0592246.png 2 516 119 53 74 5 261 57 71
positive/1728112730.853466.png 1 384 157 55 34
positive/1728112734.936423.png 1 472 153 53 78
positive/1728112735.865567.png 1 349 176 37 57
positive/1728112742.7537863.png 1 443 233 47 68
positive/1728112743.629956.png 2 400 170 45 70 476 248 51 70
positive/1728112749.7965174.png 1 217 232 36 80
positive/1728112750.5541754.png 1 258 229 49 71
positive/1728112751.059793.png 2 277 223 46 75 669 275 61 61
positive/1728112751.9277823.png 2 312 201 38 73 636 257 47 73
positive/1728112752.8776543.png 2 323 201 41 65 631 280 43 61
positive/1728112753.8387928.png 2 326 203 44 63 591 299 47 51
positive/1728112755.6086092.png 2 331 197 44 76 511 288 47 76
positive/1728112756.533476.png 2 323 195 49 76 470 267 45 78
positive/1728112757.8113532.png 2 420 242 51 75 332 194 45 76
positive/1728112760.0126472.png 2 327 190 45 78 405 214 35 70
positive/1728112760.8394794.png 2 328 203 45 64 404 221 43 65
positive/1728112771.4423172.png 1 325 161 44 62
positive/1728112772.5726116.png 2 335 157 42 71 335 157 42 71
positive/1728112773.832839.png 1 338 170 42 61
positive/1728112787.9196813.png 1 357 147 65 49
positive/1728112789.8375633.png 1 358 162 53 33
positive/1728112807.5816388.png 1 293 215 48 67
positive/1728112808.6335123.png 2 312 208 34 69 403 126 48 80
positive/1728112809.266269.png 2 389 153 63 41 302 206 44 67
positive/1728112816.2267106.png 3 404 160 44 73 360 186 29 72 360 186 29 72
positive/1728112823.5374708.png 1 307 203 58 71
positive/1728112824.329549.png 1 330 198 46 72
positive/1728112825.3074057.png 1 317 199 57 69
positive/1728112831.8346837.png 3 371 208 55 64 371 208 55 64 471 75 50 87
positive/1728112832.9485087.png 2 369 203 45 69 470 97 49 79
positive/1728112833.7394538.png 2 374 200 55 73 441 112 53 79
positive/1728112837.9610996.png 2 391 115 49 74 382 207 42 66
positive/1728112839.308406.png 1 369 206 42 60
positive/1728112840.495423.png 1 377 202 47 68
positive/1728112841.4615822.png 2 376 202 47 68 395 120 45 73
positive/1728112865.764073.png 1 415 169 53 75
positive/1728112876.9408445.png 1 430 158 39 86
positive/1728112878.3354456.png 1 433 164 42 84
positive/1728112885.187535.png 1 398 191 47 62
positive/1728112895.8403394.png 2 283 156 58 47 176 363 49 69
positive/1728112896.6618762.png 2 280 152 54 51 126 368 56 66
positive/1728112902.1890419.png 2 454 194 46 62 180 362 42 74
positive/1728112902.8351712.png 2 421 179 25 80 181 337 43 70
positive/1728112904.1336038.png 1 399 184 46 68
positive/1728112911.5277073.png 1 296 144 43 63
positive/1728112912.6802773.png 1 340 210 58 61
positive/1728112916.146271.png 1 469 216 43 76
positive/1728112916.6671345.png 1 492 243 51 62
positive/1728112923.3734488.png 1 414 182 44 63
positive/1728112924.4729507.png 1 417 179 42 68
positive/1728112927.2363534.png 1 546 164 47 62
positive/1728112928.0216737.png 1 273 327 60 69
positive/1728112938.603239.png 1 339 215 41 62
positive/1728112939.5563517.png 1 344 211 43 62
positive/1728112948.2909691.png 1 283 129 49 76
positive/1728112948.8823054.png 1 268 120 40 72
positive/1728112950.5464659.png 2 306 123 48 51 338 169 38 60
positive/1728112951.3198907.png 2 304 141 37 68 246 118 44 67
positive/1728112952.0345902.png 1 246 121 53 65
positive/1728112957.3261266.png 2 403 190 37 65 345 166 47 44
positive/1728112992.3883584.png 3 328 180 40 65 382 206 43 68 449 185 45 73
positive/1728112993.7974072.png 3 329 188 35 54 366 206 49 60 428 183 32 77
positive/1728113001.7963774.png 2 324 179 42 68 381 209 43 64
positive/1728113004.7212677.png 2 331 187 39 60 369 205 42 63
positive/1728113060.655123.png 2 283 184 65 76 388 138 57 70
positive/1728113061.3719451.png 2 285 210 62 68 401 158 32 67
positive/1728113062.3363445.png 2 288 195 59 71 398 170 33 53
positive/1728113063.171443.png 2 303 215 49 69 398 166 32 56
positive/1728113064.2461748.png 2 287 182 58 76 397 168 42 54
positive/1728113065.1409585.png 2 295 208 53 77 394 172 40 46
positive/1728113071.742236.png 1 358 137 60 52
positive/1728113072.5104954.png 1 356 103 50 70
positive/1728113079.8299656.png 1 410 210 32 54
positive/1728113083.1484163.png 1 420 228 48 65
positive/1728113083.8440783.png 1 444 238 51 67
positive/1728113084.6587968.png 1 441 242 53 62
positive/1728113090.9200015.png 1 403 169 36 64
positive/1728113113.0680206.png 1 443 100 46 74
positive/1728113114.5801384.png 1 445 83 51 81
positive/1728113115.6129801.png 1 332 176 40 69
positive/1728113116.6161761.png 1 330 186 44 62
positive/1728113117.7945828.png 1 327 176 42 72
positive/1728113119.640221.png 1 328 174 40 73
positive/1728113120.9195507.png 1 327 176 40 71
positive/1728113121.815184.png 1 331 171 36 78
positive/1728113124.5802321.png 1 220 179 43 69
positive/1728113125.5241575.png 1 133 166 43 81
positive/1728113126.092903.png 1 130 177 42 70
positive/1728113126.7237992.png 1 138 175 42 69
positive/1728113235.624819.png 2 369 202 59 61 323 264 41 73
positive/1728113236.5359352.png 2 367 208 60 60 322 230 53 75
positive/1728113264.1338222.png 2 384 95 61 70 445 124 41 64
positive/1728113264.8968427.png 2 399 87 48 83 447 111 44 75
positive/1728113265.712731.png 2 383 98 69 45 420 141 44 64
positive/1728113272.2936668.png 1 300 131 41 82
positive/1728113273.194255.png 1 376 123 53 66
positive/1728113273.9726408.png 1 333 140 59 72
positive/1728113275.644846.png 1 335 170 45 55
positive/1728113277.3468988.png 1 351 165 35 53
positive/1728113278.0690258.png 1 343 175 43 43
positive/1728113278.8336265.png 1 345 174 48 44
positive/1728113285.6660492.png 3 347 204 44 56 433 236 46 69 103 262 44 77
positive/1728113286.5478656.png 3 317 204 48 64 416 249 62 66 95 238 44 74
positive/1728113287.7987597.png 2 387 161 63 41 332 193 44 73
positive/1728113293.3328376.png 2 326 194 39 77 439 155 58 84
positive/1728113294.0919456.png 2 325 194 43 78 432 156 55 86
positive/1728113295.1800091.png 2 323 202 40 73 445 160 38 80
positive/1728113296.3833897.png 2 439 163 55 74 332 199 33 73
positive/1728113487.0505245.png 1 267 147 44 84
positive/1728113487.9207952.png 1 295 164 61 77
positive/1728113489.1619976.png 1 302 163 48 87
positive/1728113490.8280754.png 1 297 156 53 84
positive/1728113497.695761.png 2 465 140 53 84 397 171 36 46
positive/1728113506.1667488.png 2 472 140 42 85 545 126 42 94
positive/1728113507.096742.png 2 344 172 46 42 571 117 42 80
positive/1728113509.0488777.png 2 350 161 33 65 480 147 35 76
positive/1728113533.8527672.png 2 299 163 51 82 423 263 45 77
positive/1728113536.7427452.png 2 302 160 49 81 407 211 30 73
positive/1728113551.2206526.png 1 362 153 45 38
positive/1728113553.333867.png 1 319 124 41 75
positive/1728113554.8541465.png 1 318 124 42 73
positive/1728113557.187421.png 1 255 64 38 79
positive/1728113558.3678901.png 1 273 73 39 77
positive/1728113559.8824852.png 1 402 191 42 66
positive/1728113569.5615814.png 1 362 193 30 67
positive/1728113572.4643652.png 1 253 241 30 68
positive/1728113621.0733175.png 1 307 296 39 75
positive/1728113622.1384716.png 1 323 291 46 82
positive/1728113622.8096516.png 1 346 279 45 80
positive/1728113624.2739654.png 1 339 239 49 77
positive/1728113625.8648055.png 1 357 227 39 76
positive/1728113651.1285856.png 1 395 237 49 66
positive/1728113652.2604122.png 2 366 273 52 72 576 49 41 79
positive/1728113710.023856.png 1 519 340 50 79
positive/1728113710.8477924.png 1 490 324 44 76
positive/1728113712.4553058.png 1 443 289 52 77
positive/1728113738.9087012.png 2 204 192 47 65 587 261 46 74
positive/1728113740.099642.png 2 210 192 41 65 549 239 49 73
positive/1728113741.2178082.png 2 353 189 35 73 512 218 45 64
positive/1728113743.0792606.png 2 357 189 31 74 438 182 55 74
positive/1728113746.8364449.png 2 344 189 46 72 455 172 34 79
positive/1728113765.4244735.png 1 322 205 42 65
positive/1728113771.814114.png 1 276 197 47 50
positive/1728113772.5102365.png 1 280 201 44 45
positive/1728113773.4211304.png 1 316 181 34 61
positive/1728113779.258548.png 1 360 152 65 45
positive/1728113783.7725677.png 2 441 121 40 47 248 216 38 75
positive/1728113786.2864902.png 1 342 188 50 30
positive/1728113792.2192838.png 0
positive/1728113802.7386749.png 1 404 195 35 59
positive/1728113805.2643085.png 2 476 116 39 77 641 343 47 75
positive/1728113830.396338.png 1 416 166 48 78
positive/1728113831.7270436.png 1 418 176 44 70
positive/1728113832.8806226.png 1 415 173 50 69
positive/1728113838.006153.png 2 273 153 34 81 508 72 32 74
positive/1728113840.9295137.png 3 340 174 53 46 422 182 36 46 430 118 41 71
positive/1728113849.888031.png 2 399 126 50 58 613 213 42 80
positive/1728113920.3384573.png 1 342 174 44 47
positive/1728113921.3106809.png 1 341 176 47 40
positive/1728113924.2037108.png 1 339 166 49 53
positive/1728113927.1380847.png 1 349 165 38 53
positive/1728113938.3995914.png 2 338 190 48 68 518 173 45 80
positive/1728113952.6158464.png 2 451 258 50 73 588 237 45 77
positive/1728113989.091741.png 1 381 166 54 43
positive/1728113991.3691175.png 1 390 168 41 42
positive/1728113999.8633368.png 3 255 176 48 65 301 215 48 71 347 198 42 69
positive/1728114008.7261345.png 2 352 172 38 43 379 204 41 68
positive/1728114010.162854.png 1 373 204 49 64
positive/1728114012.021771.png 2 377 205 49 68 354 160 31 56
positive/1728114063.8068464.png 2 398 288 50 63 554 275 32 78
positive/1728114064.9048784.png 2 443 312 54 68 591 336 41 74
positive/1728114065.930866.png 1 369 206 59 64
positive/1728114070.2722452.png 1 497 320 47 76
positive/1728114091.0154095.png 2 382 204 38 71 433 140 38 83
positive/1728114092.0133862.png 2 421 154 44 77 377 201 46 70
positive/1728114093.00764.png 2 378 201 48 69 421 150 49 79
positive/1728114100.203033.png 1 481 142 50 79
positive/1728114101.4999738.png 1 488 134 43 80
positive/1728114103.1662946.png 1 333 188 41 47
positive/1728114104.3773582.png 1 336 181 43 50
positive/1728114105.224902.png 1 329 187 43 50
positive/1728114106.2497032.png 1 332 173 38 66
positive/1728114114.491498.png 1 450 167 38 79
positive/1728114115.395744.png 2 417 181 42 65 365 211 60 59
positive/1728114130.4709015.png 1 382 162 51 35
positive/1728114132.0620615.png 1 379 164 53 32
positive/1728114144.971968.png 1 44 318 38 77
positive/1728114166.7347984.png 4 340 190 47 70 422 172 39 77 469 122 35 76 400 266 42 75
positive/1728114167.930707.png 2 367 135 52 50 421 164 42 76
positive/1728114176.4046125.png 1 403 182 42 75
positive/1728114177.4816089.png 1 395 185 55 68
positive/1728114200.9760313.png 0
positive/1728114202.037808.png 1 386 162 47 46
positive/1728114203.4747944.png 0
positive/1728114241.1877015.png 1 361 116 58 72
positive/1728114246.373534.png 1 361 151 47 43
positive/1728114252.0118613.png 1 359 147 60 50
positive/1728114253.2418392.png 1 358 150 59 48
positive/1728114254.6015966.png 1 375 163 41 25
positive/1728114260.3212183.png 1 666 321 39 77
positive/1728114262.453314.png 1 637 254 36 73
positive/1728114266.2169952.png 2 471 193 39 79 223 55 37 78
positive/1728114269.9680169.png 2 279 130 42 71 436 191 55 67
positive/1728114291.3559926.png 1 370 203 56 63
positive/1728114315.98902.png 1 401 160 44 72
positive/1728114320.8780851.png 1 370 206 45 58
positive/1728114321.8902674.png 1 371 207 58 58
positive/1728114323.9180663.png 1 370 203 54 64
positive/1728114324.5910609.png 1 374 203 52 65
positive/1728114360.138606.png 1 402 100 49 69
positive/1728114377.083171.png 2 241 147 52 65 227 340 42 78
positive/1728114378.5021033.png 1 249 147 60 64
positive/1728114379.8356845.png 1 359 157 49 39
positive/1728114381.7726007.png 1 372 160 51 37
positive/1728114383.1744986.png 1 359 156 64 41
positive/1728114392.8828554.png 1 532 327 44 71
positive/1728114441.3395948.png 3 322 128 48 68 368 205 45 63 417 200 42 61
positive/1728114454.052761.png 1 492 266 44 65
positive/1728114459.6676087.png 1 338 163 50 61
positive/1728114460.3829622.png 1 354 172 32 52
positive/1728114463.485628.png 1 359 155 50 42
positive/1728114466.061414.png 1 347 174 49 35
positive/1728114476.462929.png 1 439 191 48 61
positive/1728114508.0594199.png 1 77 318 43 75
positive/1728114519.0843132.png 2 336 141 61 71 642 327 37 73
positive/1728114545.170774.png 2 360 157 60 41 253 90 58 33
positive/1728114546.399601.png 1 342 156 39 67
positive/1728114552.3170202.png 1 347 173 46 43
positive/1728114564.6312115.png 1 402 179 37 59
positive/1728114565.5186105.png 1 430 176 32 65
positive/1728114570.3907764.png 1 709 56 40 83
positive/1728114588.6052468.png 1 634 132 52 82
positive/1728114668.089284.png 1 394 214 55 42
positive/1728114669.0103981.png 1 396 179 46 70
positive/1728114675.4806762.png 2 280 133 49 66 340 169 42 62
positive/1728114682.8125482.png 1 344 192 52 70
positive/1728114683.821343.png 1 337 190 55 74
positive/1728114772.3879938.png 1 320 169 37 64
positive/1728114778.4279506.png 1 401 184 36 72
positive/1728114779.2644005.png 2 396 193 39 64 241 204 49 82
positive/1728114780.4484704.png 2 278 221 54 82 403 183 35 71
positive/1728114782.2409766.png 2 403 182 35 73 352 235 42 67
positive/1728114783.234244.png 2 350 218 39 72 404 183 34 75
positive/1728114820.7051497.png 1 223 296 40 79
positive/1728114821.810672.png 1 340 238 40 75
positive/1728114822.5871525.png 2 407 151 46 81 375 235 45 64
positive/1728114843.1728446.png 1 373 144 45 39
positive/1728114848.6366866.png 2 446 134 51 80 654 243 47 72
positive/1728114850.4717736.png 2 430 139 47 81 586 205 42 74
positive/1728114859.4298093.png 0
positive/1728114860.3986719.png 1 413 178 39 67
positive/1728115078.467375.png 1 391 165 38 62
positive/1728115097.3982403.png 1 546 60 47 75
