positive/1727456361.063189.png 6 268 195 80 52 393 265 42 59 428 272 31 34 610 282 63 48 640 382 41 26 407 210 34 27
positive/1727456383.4229803.png 3 369 262 55 47 431 225 66 46 402 236 32 27
positive/1727456404.0627856.png 2 504 349 61 48 49 296 69 28
positive/1727456415.4897163.png 4 452 235 40 32 535 216 74 42 588 188 68 31 221 221 54 49
positive/1727456746.0431018.png 1 180 352 55 43
positive/1727456750.954263.png 2 340 249 61 40 128 129 29 30
positive/1727456759.8152258.png 2 351 238 37 32 122 253 39 27
positive/1727456761.0164423.png 2 352 235 35 31 123 290 37 26
positive/1727456763.3257232.png 2 205 308 36 28 352 236 34 28
positive/1727456770.0307305.png 1 351 207 34 31
positive/1727456773.4598594.png 1 354 211 34 30
positive/1727456803.8271363.png 1 317 220 57 48
positive/1727456808.2799404.png 2 270 220 72 43 320 274 55 51
positive/1727456823.6952856.png 1 323 189 59 47
positive/1727456830.8054507.png 2 226 283 54 45 373 145 44 46
positive/1727456831.623876.png 2 259 261 52 49 374 143 46 48
positive/1727456845.3542318.png 1 405 157 37 62
positive/1727456858.9020457.png 3 425 171 59 46 351 233 40 26 345 263 38 27
positive/1727456874.164154.png 1 322 264 53 58
positive/1727456888.6774828.png 1 545 254 46 29
positive/1727456892.3079977.png 1 398 232 34 27
positive/1727456902.921778.png 1 405 155 41 59
positive/1727456906.6717827.png 2 423 172 58 54 481 173 59 52
positive/1727456943.2127233.png 2 405 116 39 28 66 33 61 32
positive/1727456946.3246496.png 1 320 194 40 30
positive/1727456949.7440476.png 3 356 213 35 27 252 178 60 48 254 158 31 22
positive/1727456959.0126286.png 1 259 130 69 53
positive/1727456961.9274623.png 2 196 28 67 52 347 149 53 54
positive/1727456964.5692444.png 2 342 180 52 44 274 114 64 51
positive/1727456965.934702.png 2 355 150 36 62 328 160 33 57
positive/1727457019.8145785.png 1 410 208 29 28
positive/1727457055.050457.png 2 252 259 42 28 68 48 49 49
positive/1727457061.4937565.png 1 302 133 64 46
positive/1727457066.120653.png 1 187 79 48 51
positive/1727457067.6188433.png 1 351 75 44 49
positive/1727457069.7070787.png 3 356 37 62 47 352 165 38 56 405 166 35 56
positive/1727457085.663647.png 2 203 338 57 46 44 206 42 25
positive/1727457086.8154337.png 3 296 290 56 46 172 184 41 26 33 302 55 53
positive/1727457133.108165.png 1 185 365 37 31
positive/1727457142.2837882.png 1 318 259 54 53
positive/1727457154.2423604.png 2 475 335 59 39 436 261 50 51
positive/1727457168.0634744.png 2 337 263 55 56 178 349 59 50
positive/1727457172.8084285.png 4 409 226 50 42 379 257 30 36 348 255 39 38 189 362 36 32
positive/1727457191.608614.png 1 689 384 62 50
positive/1727457194.2165713.png 3 127 145 41 32 213 330 35 28 704 329 62 48
positive/1727457224.8015716.png 2 224 390 59 60 2 244 70 48
positive/1727457227.4363072.png 2 273 216 82 46 318 263 57 56
positive/1727457347.4245098.png 3 365 259 59 56 305 280 35 36 515 292 43 35
positive/1727457373.8186414.png 3 351 205 38 37 412 227 42 20 411 210 28 19
positive/1727457378.0969205.png 3 352 207 36 32 426 224 41 27 411 210 23 23
positive/1727457390.5605125.png 1 416 240 37 32
positive/1727457415.32411.png 3 362 231 34 29 150 244 68 36 503 256 59 50
positive/1727457432.5405993.png 2 601 406 37 30 89 199 34 32
positive/1727457434.5128472.png 2 111 209 37 30 529 385 40 29
positive/1727457437.4681888.png 2 303 225 46 24 427 343 34 28
positive/1727457439.470691.png 2 333 220 39 32 378 285 34 39
positive/1727457494.631218.png 2 350 210 38 30 625 57 35 30
positive/1727457510.4191496.png 1 355 159 32 32
positive/1727457560.2614338.png 2 272 197 44 27 382 249 28 27
positive/1727457626.7991662.png 1 694 399 64 55
positive/1727457748.1379285.png 1 596 355 36 28
positive/1727712573.7300422.png 1 404 237 27 26
positive/1727712600.0295074.png 2 351 235 37 32 401 237 31 28
positive/1727712630.4640357.png 2 273 198 70 41 502 206 58 46
positive/1727712657.98031.png 3 356 295 33 36 483 80 37 23 93 134 31 30
positive/1727712663.2199454.png 1 186 226 39 27
positive/1727712666.6265619.png 1 627 369 64 46
positive/1727712667.9469285.png 1 567 357 61 51
positive/1727712668.72326.png 1 552 327 60 51
positive/1727712669.798837.png 1 506 297 58 55
positive/1727712672.9346445.png 2 401 249 45 51 722 339 39 29
positive/1727712674.7361977.png 2 399 252 42 38 651 373 39 30
positive/1727712675.7488737.png 2 399 255 44 43 618 389 37 30
positive/1727712676.9169958.png 2 395 248 53 45 571 367 38 30
positive/1727712677.1719785.png 2 397 251 51 48 571 359 32 35
positive/1727712679.1159377.png 2 394 247 54 46 510 313 42 32
positive/1727713441.086207.png 1 403 208 30 31
positive/1727713443.898831.png 1 405 211 27 28
positive/1727713446.6518888.png 1 402 214 25 26
positive/1727713448.0458229.png 1 405 208 29 32
positive/1727713455.175783.png 1 350 209 34 31
positive/1727713456.4290829.png 1 358 217 28 21
positive/1727713456.6109507.png 1 355 214 33 24
positive/1727713456.7959082.png 1 352 212 34 30
positive/1727713464.3561993.png 1 350 207 33 33
positive/1727713464.5558686.png 1 348 209 36 29
positive/1727713471.8210287.png 1 357 235 27 28
positive/1727713472.0511026.png 1 357 236 31 26
positive/1727713472.2679424.png 1 357 238 30 24
positive/1727713472.4511511.png 1 358 235 27 28
positive/1727713473.6508393.png 1 355 236 32 24
positive/1727713479.547952.png 1 334 224 37 24
positive/1727713479.9291105.png 1 333 223 34 25
positive/1727713480.104803.png 1 338 218 38 31
positive/1727713480.3109045.png 1 333 225 39 24
positive/1727713480.4611788.png 1 331 223 38 25
positive/1727713501.9183586.png 1 350 208 34 32
positive/1727713503.7146087.png 1 353 208 30 30
positive/1727713504.4959395.png 1 352 208 31 30
positive/1727793816.9986384.png 3 418 228 67 33 510 194 68 37 405 214 26 23
positive/1727793823.3697374.png 1 447 226 69 39
positive/1727793825.1217685.png 1 453 220 67 45
positive/1727793833.723944.png 2 434 249 62 50 452 222 63 33
positive/1727793850.6049495.png 6 388 258 57 53 452 262 44 35 304 239 37 22 144 334 38 32 307 172 58 56 250 178 62 52
positive/1727793866.4347386.png 5 270 225 47 52 281 317 35 33 616 366 37 32 179 256 53 46 155 227 50 37
positive/1727793868.7157116.png 5 335 265 38 30 671 409 37 30 244 209 62 33 264 259 58 46 310 244 50 26
positive/1727793876.28289.png 1 398 359 37 37
positive/1727793877.4804192.png 1 397 319 38 36
positive/1727793897.819166.png 6 379 239 20 34 405 215 54 29 444 232 58 39 509 271 41 27 590 308 37 30 706 232 60 48
positive/1727793898.4520552.png 5 675 249 64 48 565 296 36 27 489 258 39 27 377 247 33 31 419 230 67 36
positive/1727793907.4016006.png 3 355 234 34 26 379 246 28 33 414 242 55 31
positive/1727793914.6273959.png 6 240 53 66 45 533 174 60 53 460 314 37 29 377 244 30 36 460 202 36 30 348 147 32 51
positive/1727793916.5152042.png 5 279 122 67 50 444 197 73 55 426 269 32 34 376 242 30 38 344 181 41 47
positive/1727793928.856206.png 7 153 112 37 28 227 149 36 27 285 194 55 49 404 237 21 36 475 245 35 30 544 253 53 40 420 233 38 42
positive/1727793929.774538.png 6 291 207 65 33 260 168 39 28 186 132 38 27 500 234 58 44 447 230 32 28 416 240 44 38
positive/1727793930.5679026.png 6 467 214 54 44 424 225 41 19 416 241 47 37 288 206 74 30 290 181 34 25 215 145 39 27
positive/1727793931.7004585.png 5 254 163 37 29 272 199 69 40 475 213 68 39 397 236 30 24 425 245 49 39
positive/1727793978.5550284.png 2 466 155 34 28 458 288 36 29
positive/1727793980.033823.png 2 408 260 35 33 414 183 35 26
positive/1727793981.1444366.png 3 405 239 29 26 406 214 28 26 465 125 48 55
positive/1727794310.9434524.png 1 331 190 49 32
positive/1727794311.7292993.png 1 329 191 52 36
positive/1727794331.9344482.png 4 368 269 46 63 504 66 57 31 515 38 38 23 421 133 57 39
positive/1727794335.1287508.png 3 510 142 51 31 367 261 46 48 66 72 30 34
positive/1727794336.1505857.png 4 89 57 24 27 569 119 34 31 365 249 50 53 570 77 40 20
positive/1727794344.2187445.png 1 366 259 48 48
positive/1727794344.8371346.png 1 366 255 47 51
positive/1727794385.0667834.png 6 465 212 72 40 296 235 38 32 307 184 36 30 294 134 40 30 348 155 38 66 661 105 30 32
positive/1727794391.398845.png 3 470 208 69 43 416 214 44 26 351 216 39 24
positive/1727794429.2071433.png 6 93 163 41 25 204 382 35 27 268 327 32 26 202 215 70 36 199 191 74 27 170 165 58 29
positive/1727794429.9680238.png 5 200 172 60 42 290 314 42 30 227 371 34 28 130 172 35 27 252 216 71 35
positive/1727794506.6830373.png 3 269 202 66 40 429 171 28 28 351 214 34 26
positive/1727794524.6387253.png 8 240 345 33 28 208 427 33 30 306 403 35 29 426 233 47 29 242 296 56 43 289 223 56 48 41 104 54 53 74 38 40 29
positive/1727794525.6690357.png 8 84 56 39 28 86 121 64 50 269 223 75 40 293 271 54 47 409 234 29 28 331 377 29 36 260 330 35 27 243 408 33 30
positive/1727794526.6809583.png 7 280 392 31 30 294 312 35 29 304 355 34 29 133 147 62 49 124 73 36 30 266 223 74 43 344 256 40 40
positive/1727794528.1690574.png 8 200 178 69 52 273 224 71 42 407 237 31 25 350 244 41 47 332 277 23 32 356 328 34 29 332 364 35 29 190 411 32 27
positive/1727794530.2998009.png 7 259 377 32 30 404 327 34 29 409 237 28 26 161 133 30 30 345 258 39 32 292 203 66 28 292 231 69 28
positive/1727794534.707374.png 3 347 250 39 39 405 240 31 24 314 266 34 26
positive/1727794562.6537147.png 3 320 236 51 44 376 232 35 48 474 210 64 41
positive/1727794563.7247307.png 3 308 239 55 46 374 242 41 43 449 218 70 36
positive/1727794571.316736.png 3 466 206 68 50 313 235 50 50 423 175 52 50
positive/1727794614.0006754.png 4 269 222 65 41 202 219 51 48 325 361 48 39 186 41 23 30
positive/1727794620.8284955.png 2 181 185 36 31 326 362 52 36
positive/1727794622.557718.png 2 207 208 34 33 324 363 49 37
positive/1727794624.2801526.png 2 272 236 41 26 324 359 49 42
positive/1727794668.2345052.png 3 334 193 53 52 305 131 74 40 263 159 57 51
positive/1727794669.8322058.png 3 337 193 52 51 295 163 43 53 471 411 38 31
positive/1727794677.9755607.png 3 271 198 63 40 247 78 63 50 183 365 36 32
positive/1727794707.5184543.png 4 380 247 53 38 112 273 58 38 453 351 54 44 419 94 56 47
positive/1727794841.1999555.png 9 247 212 63 42 425 146 36 48 431 243 49 41 498 310 38 30 545 331 39 28 582 349 28 23 202 180 51 42 103 352 38 28 391 256 42 33
positive/1727794841.9656937.png 8 474 296 36 29 524 321 33 27 553 333 30 29 677 266 56 54 429 241 48 37 395 256 37 39 337 210 41 26 246 214 67 42
positive/1727794842.8403678.png 9 244 208 68 43 389 253 40 37 431 238 45 43 471 273 31 28 712 289 62 51 529 319 24 28 498 308 32 27 407 175 29 52 136 317 33 34
positive/1727794871.0057008.png 3 244 159 32 29 266 225 68 38 359 213 30 29
positive/1727794958.9363945.png 6 465 119 49 48 490 215 64 27 547 200 47 20 328 347 31 39 300 248 50 38 273 197 68 32
positive/1727794960.8139443.png 7 213 396 38 32 321 401 53 51 448 212 70 41 407 170 46 46 300 201 72 27 335 316 33 27 271 222 59 40
positive/1727794963.2762377.png 7 297 357 48 25 279 417 34 26 228 334 39 49 420 225 39 23 460 215 71 40 404 176 35 50 301 201 65 27
positive/1727794964.5632145.png 5 293 411 35 29 324 391 37 32 348 328 35 33 228 306 52 43 272 199 71 30
positive/1727794979.6031914.png 1 375 266 46 31
positive/1727795008.5787184.png 2 312 179 60 53 726 179 26 28
positive/1727795009.5009382.png 1 312 179 57 55
positive/1727795025.9451354.png 8 145 213 42 23 225 377 54 50 677 272 54 42 432 148 32 29 408 173 28 51 356 148 27 53 273 232 44 46 318 234 49 49
positive/1727795104.332411.png 1 82 377 53 46
positive/1727795105.6349373.png 2 139 348 54 46 358 214 31 23
positive/1727795106.2622812.png 1 178 325 52 54
positive/1727795184.6389568.png 7 712 338 63 46 451 333 31 26 440 299 51 36 406 243 20 30 299 223 64 39 371 251 35 53 429 238 45 42
positive/1727795256.2910311.png 4 425 126 32 34 451 215 69 28 419 242 54 40 430 175 49 44
positive/1727795265.0318925.png 1 402 117 29 32
positive/1727795324.6531253.png 9 453 262 39 29 514 291 37 30 269 345 36 30 306 236 40 25 242 86 39 29 281 77 30 36 445 139 38 30 350 151 34 62 395 251 46 51
positive/1727795334.0775003.png 4 393 240 53 54 470 206 71 47 347 166 39 55 244 198 71 41
positive/1727795335.392875.png 4 279 201 69 39 395 249 48 45 461 215 71 43 350 182 38 47
positive/1727795344.9136918.png 3 567 294 33 28 568 320 32 29 347 210 34 27
positive/1727795346.2600055.png 2 521 272 36 27 571 294 33 31
positive/1727795347.2486145.png 1 537 276 35 34
positive/1727795413.730719.png 9 445 139 39 30 275 103 44 55 470 189 56 38 560 63 61 53 559 278 60 47 570 325 34 24 446 331 39 30 448 258 35 30 402 152 35 61
positive/1727795421.5135427.png 1 388 327 54 52
positive/1727795423.132509.png 2 393 253 44 50 422 225 64 41
positive/1727795444.8860707.png 3 495 63 54 39 485 40 34 24 349 116 36 52
positive/1727795523.3619213.png 3 469 163 54 43 462 218 68 35 618 236 66 37
positive/1727795524.2100015.png 5 533 239 67 36 618 262 40 22 659 202 31 28 468 215 65 37 408 208 26 28
positive/1727795525.1816947.png 3 558 259 36 25 655 220 37 27 498 171 52 44
positive/1727795562.5198176.png 7 451 198 65 43 283 295 30 28 451 327 32 31 452 376 31 30 436 246 50 46 342 181 49 46 257 268 47 38
positive/1727795569.348694.png 1 261 261 52 44
positive/1727795595.7095556.png 1 270 320 50 51
positive/1727795601.3128033.png 1 345 238 49 59
positive/1727795602.0067077.png 1 344 242 47 52
positive/1727795623.0281763.png 6 315 236 48 26 303 138 34 33 460 217 73 44 457 133 37 27 537 92 48 54 479 149 52 38
positive/1727795671.531937.png 1 468 199 46 24
positive/1727795672.2948554.png 1 443 212 37 31
positive/1727795725.0175893.png 2 460 234 57 44 424 88 30 29
positive/1727795800.5428817.png 1 346 246 43 40
positive/1727795801.236618.png 1 343 259 51 43
positive/1727795805.7764597.png 1 346 257 47 37
positive/1727795923.681002.png 2 520 316 35 32 37 175 36 28
positive/1727795941.6140313.png 6 305 259 29 34 475 296 35 28 571 222 46 25 412 238 37 22 355 234 26 28 336 258 51 38
positive/1727795942.8877435.png 2 477 273 39 29 482 225 45 24
positive/1727795943.704996.png 5 448 257 35 28 381 242 20 30 405 242 30 20 349 237 30 25 341 262 47 41
positive/1727795946.1505508.png 6 290 270 56 43 437 244 30 27 504 241 37 29 348 256 35 46 381 245 21 34 356 234 28 23
positive/1727795953.6791332.png 2 351 243 41 46 304 244 50 32
positive/1727795971.9369793.png 3 475 268 57 42 234 315 31 31 413 245 51 35
positive/1727796051.4398348.png 3 320 223 43 25 203 160 33 28 247 125 57 48
positive/1727796052.4289227.png 4 320 223 45 25 350 166 35 58 404 210 29 30 233 177 35 29
positive/1727796053.386828.png 5 320 223 43 24 204 39 37 29 267 195 36 29 297 170 56 52 349 158 36 64
positive/1727796412.7316968.png 1 323 232 53 48
positive/1727796413.8107865.png 3 315 240 55 36 307 171 51 53 405 178 40 48
positive/1727796542.3050776.png 8 352 231 31 33 330 154 31 33 456 253 41 29 545 262 40 28 373 256 42 49 367 396 48 53 651 311 69 38 636 275 55 35
positive/1727796763.6429398.png 1 406 180 38 49
positive/1727796797.943478.png 1 589 377 38 30
positive/1727796801.1579008.png 1 476 318 34 34
positive/1727796838.943491.png 1 243 225 68 41
positive/1727796934.4050157.png 3 418 242 57 37 472 225 70 39 346 154 39 61
positive/1727797032.1502144.png 7 455 191 76 42 475 78 63 54 226 172 38 27 137 127 38 25 189 121 61 48 159 158 61 51 234 363 38 31
positive/1727797033.1048505.png 7 266 347 36 33 447 200 70 42 440 105 63 47 163 143 36 29 238 141 60 52 203 180 57 52 260 193 37 28
positive/1727797085.7979383.png 1 284 389 38 29
positive/1727797089.742448.png 1 353 278 32 37
positive/1727797090.160736.png 1 352 264 34 36
positive/1727797231.711231.png 4 227 299 32 28 259 287 27 37 356 256 26 32 262 254 70 35
positive/1727797237.0195928.png 1 376 246 31 31
positive/1727797241.6184528.png 1 25 287 54 44
positive/1727797324.8599434.png 3 420 225 43 27 295 159 41 27 283 181 34 26
positive/1727797333.0554345.png 9 344 240 46 46 407 236 28 26 351 154 33 61 688 70 62 48 480 168 34 33 531 196 34 27 193 292 36 27 181 329 53 43 403 158 28 52
positive/1727797334.0651546.png 8 232 268 34 33 233 299 54 50 342 244 52 45 408 237 27 25 467 204 42 22 648 96 54 47 348 179 38 51 449 190 28 24
positive/1727797342.7950878.png 2 307 242 48 33 350 243 41 42
positive/1727797439.5074775.png 6 274 123 38 30 403 137 37 27 510 255 60 57 75 397 37 26 347 167 40 57 446 232 50 41
positive/1727797441.0870883.png 6 327 155 33 31 137 369 32 26 435 252 56 42 465 91 46 51 449 165 37 29 348 180 41 46
